0 0
64 1
16 2
32 3
48 4
65 5
4 6
8 7
12 8
66 9
1 10
2 11
3 12
77 13
20 14
24 15
28 16
78 17
17 18
18 19
19 20
89 21
36 22
40 23
44 24
90 25
33 26
34 27
35 28
101 29
52 30
56 31
60 32
102 33
49 34
50 35
51 36
76 37
69 38
5 39
6 40
7 41
81 42
21 43
22 44
23 45
93 46
37 47
38 48
39 49
105 50
53 51
54 52
55 53
88 54
72 55
9 56
10 57
11 58
84 59
25 60
26 61
27 62
96 63
41 64
42 65
43 66
108 67
57 68
58 69
59 70
100 71
75 72
13 73
14 74
15 75
87 76
29 77
30 78
31 79
99 80
45 81
46 82
47 83
111 84
61 85
62 86
63 87
67 88
68 89
80 90
92 91
104 92
79 93
91 94
103 95
70 96
71 97
83 98
95 99
107 100
82 101
94 102
106 103
73 104
74 105
86 106
98 107
110 108
85 109
97 110
109 111
