0 512
64 512
128 512
192 512
256 512
320 512
384 512
448 512
0 513
8 513
16 513
24 513
32 513
40 513
48 513
56 513
0 514
1 514
2 514
3 514
4 514
5 514
6 514
7 514
64 537
72 537
80 537
88 537
96 537
104 537
112 537
120 537
64 538
65 538
66 538
67 538
68 538
69 538
70 538
71 538
128 561
136 561
144 561
152 561
160 561
168 561
176 561
184 561
128 562
129 562
130 562
131 562
132 562
133 562
134 562
135 562
192 585
200 585
208 585
216 585
224 585
232 585
240 585
248 585
192 586
193 586
194 586
195 586
196 586
197 586
198 586
199 586
256 609
264 609
272 609
280 609
288 609
296 609
304 609
312 609
256 610
257 610
258 610
259 610
260 610
261 610
262 610
263 610
320 633
328 633
336 633
344 633
352 633
360 633
368 633
376 633
320 634
321 634
322 634
323 634
324 634
325 634
326 634
327 634
384 657
392 657
400 657
408 657
416 657
424 657
432 657
440 657
384 658
385 658
386 658
387 658
388 658
389 658
390 658
391 658
448 681
456 681
464 681
472 681
480 681
488 681
496 681
504 681
448 682
449 682
450 682
451 682
452 682
453 682
454 682
455 682
8 536
72 536
136 536
200 536
264 536
328 536
392 536
456 536
8 517
9 517
10 517
11 517
12 517
13 517
14 517
15 517
72 541
73 541
74 541
75 541
76 541
77 541
78 541
79 541
136 565
137 565
138 565
139 565
140 565
141 565
142 565
143 565
200 589
201 589
202 589
203 589
204 589
205 589
206 589
207 589
264 613
265 613
266 613
267 613
268 613
269 613
270 613
271 613
328 637
329 637
330 637
331 637
332 637
333 637
334 637
335 637
392 661
393 661
394 661
395 661
396 661
397 661
398 661
399 661
456 685
457 685
458 685
459 685
460 685
461 685
462 685
463 685
16 560
80 560
144 560
208 560
272 560
336 560
400 560
464 560
16 520
17 520
18 520
19 520
20 520
21 520
22 520
23 520
80 544
81 544
82 544
83 544
84 544
85 544
86 544
87 544
144 568
145 568
146 568
147 568
148 568
149 568
150 568
151 568
208 592
209 592
210 592
211 592
212 592
213 592
214 592
215 592
272 616
273 616
274 616
275 616
276 616
277 616
278 616
279 616
336 640
337 640
338 640
339 640
340 640
341 640
342 640
343 640
400 664
401 664
402 664
403 664
404 664
405 664
406 664
407 664
464 688
465 688
466 688
467 688
468 688
469 688
470 688
471 688
24 584
88 584
152 584
216 584
280 584
344 584
408 584
472 584
24 523
25 523
26 523
27 523
28 523
29 523
30 523
31 523
88 547
89 547
90 547
91 547
92 547
93 547
94 547
95 547
152 571
153 571
154 571
155 571
156 571
157 571
158 571
159 571
216 595
217 595
218 595
219 595
220 595
221 595
222 595
223 595
280 619
281 619
282 619
283 619
284 619
285 619
286 619
287 619
344 643
345 643
346 643
347 643
348 643
349 643
350 643
351 643
408 667
409 667
410 667
411 667
412 667
413 667
414 667
415 667
472 691
473 691
474 691
475 691
476 691
477 691
478 691
479 691
32 608
96 608
160 608
224 608
288 608
352 608
416 608
480 608
32 526
33 526
34 526
35 526
36 526
37 526
38 526
39 526
96 550
97 550
98 550
99 550
100 550
101 550
102 550
103 550
160 574
161 574
162 574
163 574
164 574
165 574
166 574
167 574
224 598
225 598
226 598
227 598
228 598
229 598
230 598
231 598
288 622
289 622
290 622
291 622
292 622
293 622
294 622
295 622
352 646
353 646
354 646
355 646
356 646
357 646
358 646
359 646
416 670
417 670
418 670
419 670
420 670
421 670
422 670
423 670
480 694
481 694
482 694
483 694
484 694
485 694
486 694
487 694
40 632
104 632
168 632
232 632
296 632
360 632
424 632
488 632
40 529
41 529
42 529
43 529
44 529
45 529
46 529
47 529
104 553
105 553
106 553
107 553
108 553
109 553
110 553
111 553
168 577
169 577
170 577
171 577
172 577
173 577
174 577
175 577
232 601
233 601
234 601
235 601
236 601
237 601
238 601
239 601
296 625
297 625
298 625
299 625
300 625
301 625
302 625
303 625
360 649
361 649
362 649
363 649
364 649
365 649
366 649
367 649
424 673
425 673
426 673
427 673
428 673
429 673
430 673
431 673
488 697
489 697
490 697
491 697
492 697
493 697
494 697
495 697
48 656
112 656
176 656
240 656
304 656
368 656
432 656
496 656
48 532
49 532
50 532
51 532
52 532
53 532
54 532
55 532
112 556
113 556
114 556
115 556
116 556
117 556
118 556
119 556
176 580
177 580
178 580
179 580
180 580
181 580
182 580
183 580
240 604
241 604
242 604
243 604
244 604
245 604
246 604
247 604
304 628
305 628
306 628
307 628
308 628
309 628
310 628
311 628
368 652
369 652
370 652
371 652
372 652
373 652
374 652
375 652
432 676
433 676
434 676
435 676
436 676
437 676
438 676
439 676
496 700
497 700
498 700
499 700
500 700
501 700
502 700
503 700
56 680
120 680
184 680
248 680
312 680
376 680
440 680
504 680
56 535
57 535
58 535
59 535
60 535
61 535
62 535
63 535
120 559
121 559
122 559
123 559
124 559
125 559
126 559
127 559
184 583
185 583
186 583
187 583
188 583
189 583
190 583
191 583
248 607
249 607
250 607
251 607
252 607
253 607
254 607
255 607
312 631
313 631
314 631
315 631
316 631
317 631
318 631
319 631
376 655
377 655
378 655
379 655
380 655
381 655
382 655
383 655
440 679
441 679
442 679
443 679
444 679
445 679
446 679
447 679
504 703
505 703
506 703
507 703
508 703
509 703
510 703
511 703
1 515
65 515
129 515
193 515
257 515
321 515
385 515
449 515
1 516
9 516
17 516
25 516
33 516
41 516
49 516
57 516
65 540
73 540
81 540
89 540
97 540
105 540
113 540
121 540
129 564
137 564
145 564
153 564
161 564
169 564
177 564
185 564
193 588
201 588
209 588
217 588
225 588
233 588
241 588
249 588
257 612
265 612
273 612
281 612
289 612
297 612
305 612
313 612
321 636
329 636
337 636
345 636
353 636
361 636
369 636
377 636
385 660
393 660
401 660
409 660
417 660
425 660
433 660
441 660
449 684
457 684
465 684
473 684
481 684
489 684
497 684
505 684
9 539
73 539
137 539
201 539
265 539
329 539
393 539
457 539
17 563
81 563
145 563
209 563
273 563
337 563
401 563
465 563
25 587
89 587
153 587
217 587
281 587
345 587
409 587
473 587
33 611
97 611
161 611
225 611
289 611
353 611
417 611
481 611
41 635
105 635
169 635
233 635
297 635
361 635
425 635
489 635
49 659
113 659
177 659
241 659
305 659
369 659
433 659
497 659
57 683
121 683
185 683
249 683
313 683
377 683
441 683
505 683
2 518
66 518
130 518
194 518
258 518
322 518
386 518
450 518
2 519
10 519
18 519
26 519
34 519
42 519
50 519
58 519
66 543
74 543
82 543
90 543
98 543
106 543
114 543
122 543
130 567
138 567
146 567
154 567
162 567
170 567
178 567
186 567
194 591
202 591
210 591
218 591
226 591
234 591
242 591
250 591
258 615
266 615
274 615
282 615
290 615
298 615
306 615
314 615
322 639
330 639
338 639
346 639
354 639
362 639
370 639
378 639
386 663
394 663
402 663
410 663
418 663
426 663
434 663
442 663
450 687
458 687
466 687
474 687
482 687
490 687
498 687
506 687
10 542
74 542
138 542
202 542
266 542
330 542
394 542
458 542
18 566
82 566
146 566
210 566
274 566
338 566
402 566
466 566
26 590
90 590
154 590
218 590
282 590
346 590
410 590
474 590
34 614
98 614
162 614
226 614
290 614
354 614
418 614
482 614
42 638
106 638
170 638
234 638
298 638
362 638
426 638
490 638
50 662
114 662
178 662
242 662
306 662
370 662
434 662
498 662
58 686
122 686
186 686
250 686
314 686
378 686
442 686
506 686
3 521
67 521
131 521
195 521
259 521
323 521
387 521
451 521
3 522
11 522
19 522
27 522
35 522
43 522
51 522
59 522
67 546
75 546
83 546
91 546
99 546
107 546
115 546
123 546
131 570
139 570
147 570
155 570
163 570
171 570
179 570
187 570
195 594
203 594
211 594
219 594
227 594
235 594
243 594
251 594
259 618
267 618
275 618
283 618
291 618
299 618
307 618
315 618
323 642
331 642
339 642
347 642
355 642
363 642
371 642
379 642
387 666
395 666
403 666
411 666
419 666
427 666
435 666
443 666
451 690
459 690
467 690
475 690
483 690
491 690
499 690
507 690
11 545
75 545
139 545
203 545
267 545
331 545
395 545
459 545
19 569
83 569
147 569
211 569
275 569
339 569
403 569
467 569
27 593
91 593
155 593
219 593
283 593
347 593
411 593
475 593
35 617
99 617
163 617
227 617
291 617
355 617
419 617
483 617
43 641
107 641
171 641
235 641
299 641
363 641
427 641
491 641
51 665
115 665
179 665
243 665
307 665
371 665
435 665
499 665
59 689
123 689
187 689
251 689
315 689
379 689
443 689
507 689
4 524
68 524
132 524
196 524
260 524
324 524
388 524
452 524
4 525
12 525
20 525
28 525
36 525
44 525
52 525
60 525
68 549
76 549
84 549
92 549
100 549
108 549
116 549
124 549
132 573
140 573
148 573
156 573
164 573
172 573
180 573
188 573
196 597
204 597
212 597
220 597
228 597
236 597
244 597
252 597
260 621
268 621
276 621
284 621
292 621
300 621
308 621
316 621
324 645
332 645
340 645
348 645
356 645
364 645
372 645
380 645
388 669
396 669
404 669
412 669
420 669
428 669
436 669
444 669
452 693
460 693
468 693
476 693
484 693
492 693
500 693
508 693
12 548
76 548
140 548
204 548
268 548
332 548
396 548
460 548
20 572
84 572
148 572
212 572
276 572
340 572
404 572
468 572
28 596
92 596
156 596
220 596
284 596
348 596
412 596
476 596
36 620
100 620
164 620
228 620
292 620
356 620
420 620
484 620
44 644
108 644
172 644
236 644
300 644
364 644
428 644
492 644
52 668
116 668
180 668
244 668
308 668
372 668
436 668
500 668
60 692
124 692
188 692
252 692
316 692
380 692
444 692
508 692
5 527
69 527
133 527
197 527
261 527
325 527
389 527
453 527
5 528
13 528
21 528
29 528
37 528
45 528
53 528
61 528
69 552
77 552
85 552
93 552
101 552
109 552
117 552
125 552
133 576
141 576
149 576
157 576
165 576
173 576
181 576
189 576
197 600
205 600
213 600
221 600
229 600
237 600
245 600
253 600
261 624
269 624
277 624
285 624
293 624
301 624
309 624
317 624
325 648
333 648
341 648
349 648
357 648
365 648
373 648
381 648
389 672
397 672
405 672
413 672
421 672
429 672
437 672
445 672
453 696
461 696
469 696
477 696
485 696
493 696
501 696
509 696
13 551
77 551
141 551
205 551
269 551
333 551
397 551
461 551
21 575
85 575
149 575
213 575
277 575
341 575
405 575
469 575
29 599
93 599
157 599
221 599
285 599
349 599
413 599
477 599
37 623
101 623
165 623
229 623
293 623
357 623
421 623
485 623
45 647
109 647
173 647
237 647
301 647
365 647
429 647
493 647
53 671
117 671
181 671
245 671
309 671
373 671
437 671
501 671
61 695
125 695
189 695
253 695
317 695
381 695
445 695
509 695
6 530
70 530
134 530
198 530
262 530
326 530
390 530
454 530
6 531
14 531
22 531
30 531
38 531
46 531
54 531
62 531
70 555
78 555
86 555
94 555
102 555
110 555
118 555
126 555
134 579
142 579
150 579
158 579
166 579
174 579
182 579
190 579
198 603
206 603
214 603
222 603
230 603
238 603
246 603
254 603
262 627
270 627
278 627
286 627
294 627
302 627
310 627
318 627
326 651
334 651
342 651
350 651
358 651
366 651
374 651
382 651
390 675
398 675
406 675
414 675
422 675
430 675
438 675
446 675
454 699
462 699
470 699
478 699
486 699
494 699
502 699
510 699
14 554
78 554
142 554
206 554
270 554
334 554
398 554
462 554
22 578
86 578
150 578
214 578
278 578
342 578
406 578
470 578
30 602
94 602
158 602
222 602
286 602
350 602
414 602
478 602
38 626
102 626
166 626
230 626
294 626
358 626
422 626
486 626
46 650
110 650
174 650
238 650
302 650
366 650
430 650
494 650
54 674
118 674
182 674
246 674
310 674
374 674
438 674
502 674
62 698
126 698
190 698
254 698
318 698
382 698
446 698
510 698
7 533
71 533
135 533
199 533
263 533
327 533
391 533
455 533
7 534
15 534
23 534
31 534
39 534
47 534
55 534
63 534
71 558
79 558
87 558
95 558
103 558
111 558
119 558
127 558
135 582
143 582
151 582
159 582
167 582
175 582
183 582
191 582
199 606
207 606
215 606
223 606
231 606
239 606
247 606
255 606
263 630
271 630
279 630
287 630
295 630
303 630
311 630
319 630
327 654
335 654
343 654
351 654
359 654
367 654
375 654
383 654
391 678
399 678
407 678
415 678
423 678
431 678
439 678
447 678
455 702
463 702
471 702
479 702
487 702
495 702
503 702
511 702
15 557
79 557
143 557
207 557
271 557
335 557
399 557
463 557
23 581
87 581
151 581
215 581
279 581
343 581
407 581
471 581
31 605
95 605
159 605
223 605
287 605
351 605
415 605
479 605
39 629
103 629
167 629
231 629
295 629
359 629
423 629
487 629
47 653
111 653
175 653
239 653
303 653
367 653
431 653
495 653
55 677
119 677
183 677
247 677
311 677
375 677
439 677
503 677
63 701
127 701
191 701
255 701
319 701
383 701
447 701
511 701
