0 0
54 1
1 2
2 3
3 4
55 5
4 6
5 7
6 8
56 9
7 10
8 11
9 12
57 13
10 14
11 15
12 16
58 17
13 18
14 19
15 20
59 21
16 22
17 23
18 24
60 25
19 26
20 27
21 28
61 29
22 30
23 31
24 32
62 33
25 34
26 35
27 36
63 37
28 38
29 39
30 40
64 41
31 42
32 43
33 44
65 45
34 46
35 47
36 48
66 49
37 50
38 51
39 52
67 53
40 54
41 55
42 56
68 57
43 58
44 59
45 60
69 61
46 62
47 63
48 64
70 65
49 66
50 67
51 68
71 69
52 70
53 71
72 72
73 73
74 74
75 75
76 76
77 77
78 78
79 79
80 80
81 81
82 82
83 83
84 84
85 85
86 86
87 87
88 88
89 89
90 90
91 91
92 92
93 93
94 94
95 95
96 96
97 97
98 98
